rgb(41,66,106)
rgb(47,68,107)
rgb(53,70,106)
rgb(64,74,107)
rgb(76,79,109)
rgb(73,77,107)
rgb(72,73,105)
rgb(75,74,105)
rgb(49,73,111)
rgb(58,77,113)
rgb(66,82,115)
rgb(82,89,118)
rgb(91,93,120)
rgb(92,88,115)
rgb(93,87,113)
rgb(91,80,110)
rgb(61,83,117)
rgb(71,88,120)
rgb(88,99,126)
rgb(106,108,130)
rgb(116,109,130)
rgb(118,103,125)
rgb(114,92,115)
rgb(92,78,105)
rgb(77,96,125)
rgb(89,105,132)
rgb(103,107,129)
rgb(124,117,134)
rgb(135,116,132)
rgb(138,103,119)
rgb(111,85,105)
rgb(104,80,101)
rgb(95,111,134)
rgb(103,113,134)
rgb(110,107,125)
rgb(137,121,132)
rgb(154,110,118)
rgb(131,86,98)
rgb(131,89,101)
rgb(119,73,82)
rgb(110,124,141)
rgb(115,120,136)
rgb(137,125,135)
rgb(160,99,98)
rgb(161,94,91)
rgb(176,98,89)
rgb(155,88,86)
rgb(122,72,72)
rgb(128,132,141)
rgb(143,141,148)
rgb(162,127,127)
rgb(181,103,91)
rgb(188,102,83)
rgb(159,90,79)
rgb(169,93,75)
rgb(170,99,79)
rgb(120,108,109)
rgb(142,117,114)
rgb(160,100,89)
rgb(180,95,70)
rgb(205,102,53)
rgb(212,109,55)
rgb(206,116,69)
rgb(173,99,58)
rgb(105,76,69)
rgb(84,43,39)
rgb(210,107,56)
rgb(214,110,44)
rgb(250,166,54)
rgb(247,166,70)
rgb(231,149,72)
rgb(178,113,58)
rgb(57,29,20)
rgb(47,21,16)
rgb(74,39,17)
rgb(80,43,18)
rgb(91,52,23)
rgb(127,79,29)
rgb(107,64,28)
rgb(59,32,16)